1 5,2
2 4,3
3 1,2,6
4 5,4
5 6,1,5
6 6,2
7 3,3
8 6,6,3
9 4,2,3
10 6,4
11 1,3
12 3
13 1
14 4,2,5
15 5,5,1,6
16 4,1
17 5,3,2
18 3,3
19 4,5,5
20 6,1,2
21 3
22 1,2
23 5,5,5
24 6,5,2
25 1
26 6,2
27 6,4,2,1
28 5,4
29 4,1,4
30 1,2
31 4
32 2,1,1
33 3,1
34 6,3,1
36 2,6
37 1,5,6
38 5
39 2,2,2
40 5,3,3
41 4,3,5
42 6,2,3
43 4,2,1
44 1,2,3
46 3,3,5
47 2,2,6
48 1,1,6
49 2,5
50 5,6,6
51 2,4,5
52 1,2,2
53 2,3,3
54 4,6,6
55 1,3,5
56 1,3,5
57 2,3,6
58 3,6,6
59 1,2
60 5,5,4
61 1,4
62 4,4
63 4,2
64 2,3,6
65 1,6,6
66 3,3,4
67 1,3,3
68 1,3,6
69 3,6
70 2,5